SCMBranch=client v1.0
SCMRepository=client v1.0/bin/debug/face/Consume/level
Lev0032.gif;2626630647;1;1369892596;
Lev0033.gif;1716973031;1;1369892596;
Lev0034.gif;3988744360;1;1369892596;
Lev0035.gif;3571193249;1;1369892596;
Lev0036.gif;2231532689;1;1369892596;
Lev0037.gif;3167642230;1;1369892596;
Lev0038.gif;2910781084;1;1369892596;
Lev0039.gif;2275539620;1;1369892596;
Lev0040.gif;1355584063;1;1369892596;
Lev0021.gif;3687546085;1;1369892596;
Lev0022.gif;1665199166;1;1369892596;
Lev0023.gif;1537362165;1;1369892596;
Lev0024.gif;2702449386;1;1369892596;
Lev0025.gif;212686311;1;1369892596;
Lev0026.gif;3028108952;1;1369892596;
Lev0027.gif;1400163400;1;1369892596;
Lev0028.gif;3624442552;1;1369892596;
Lev0029.gif;1541726230;1;1369892596;
Lev0030.gif;2536374058;1;1369892596;
Lev0003.gif;4078563063;1;1369892596;
Lev0004.gif;2850308673;1;1369892596;
Lev0005.gif;2685891488;1;1369892596;
Lev0006.gif;1116329445;1;1369892596;
Lev0007.gif;2680839449;1;1369892596;
Lev0008.gif;4177317467;1;1369892596;
Lev0009.gif;1226023743;1;1369892596;
Lev0010.gif;1081061234;1;1369892596;
Lev0011.gif;4267828311;1;1369892596;
Lev0012.gif;2266591379;1;1369892596;
Lev0013.gif;1491500620;1;1369892596;
Lev0014.gif;394451556;1;1369892596;
Lev0015.gif;4229511420;1;1369892596;
Lev0016.gif;1617136162;1;1369892596;
Lev0017.gif;2148619643;1;1369892596;
Lev0018.gif;2148227493;1;1369892596;
Lev0019.gif;313849465;1;1369892596;
Lev0020.gif;791446889;1;1369892596;
Lev0041.gif;4283179957;1;1369892596;
Lev0042.gif;2604702088;1;1369892596;
Lev0043.gif;2747399566;1;1369892596;
Lev0044.gif;4234697717;1;1369892596;
Lev0045.gif;1089396873;1;1369892596;
Lev0046.gif;704114183;1;1369892596;
Lev0047.gif;1451376632;1;1369892596;
Lev0048.gif;1204915776;1;1369892596;
Lev0049.gif;3815603594;1;1369892596;
Lev0050.gif;3495830525;1;1369892596;
Lev0031.gif;3434442424;1;1369892596;
Lev0002.gif;2458423913;1;1369892596;
Lev000111.gif;377523240;1;1369911656;
Lev0001.gif;377523240;2;1369911656;
